SIZES
  narena                14680064
  nbuffer               827616
  nplugin               0
  maxuse_stack          5600
  maxuse_arena          30200
  maxuse_con            4
  maxuse_efc            18
  solver_nisland        1
  ne                    0
  nf                    2
  nl                    0
  nefc                  14
  nnzJ                  196
  ncon                  3
  nisland               0
  threadpool            0

TIMER
    0:  duration =  0.49       number = 20
    1:  duration =  0.48       number = 20
    2:  duration =  0          number = 0
    3:  duration =  0.37       number = 20
    4:  duration =  0.017      number = 20
    5:  duration =  0.0042     number = 20
    6:  duration =  0.061      number = 20
    7:  duration =  0.011      number = 20
    8:  duration =  0.03       number = 20
    9:  duration =  0.013      number = 20
    10:  duration =  0.29       number = 20
    11:  duration =  0.029      number = 20
    12:  duration =  0.00063    number = 20
    13:  duration =  0.042      number = 20
    14:  duration =  0.031      number = 20

SOLVER STAT
  solver_nisland = 1
  solver_fwdinv =   0         0       
  ISLAND 0
    solver_niter = 1
    solver_nnz = 196
      0:  improvement =  9.2e-10     gradient =  3.9e-16     lineslope =  0       
          nactive = 14   nchange = 0   neval = 2   nupdate = 0

ENERGY =   0         0       

TIME =  8.3     

QPOS
  -0.26    
  -0.032   
   0.8     
   1       
   0.027   
  -0.027   
  -0.027   
   0.06    
   0.26    
   0.51    
  -1.5     
  -0.092   
  -0.31    
  -0.6     
  -2.4     

QVEL
  -0.049   
   0.0026  
   0.00011 
  -0.00055 
   0.00033 
  -0.019   
   0.0023  
  -0.0026  
  -0.0023  
  -0.36    
  -0.0015  
   0.0019  
   0.00074 
  -0.41    

QACC_WARMSTART
  -0.0035  
   0.0011  
  -0.00075 
   0.00022 
  -0.01    
  -8.9e-05 
  -0.00035 
   0.015   
   0.0042  
  -0.016   
  -0.00035 
  -0.014   
  -0.004   
  -0.014   

CTRL
  -6.9     
   2.9     
  -17      
  -0.019   
   5       
  -3.2     
   23      
  -0.018   

QFRC_APPLIED
   0       
   0       
   0       
   0       
   0       
   0       
   0       
   0       
   0       
   0       
   0       
   0       
   0       
   0       

XFRC_APPLIED
   0         0         0         0         0         0       
   0         0         0         0         0         0       
   0         0         0         0         0         0       
   0         0         0         0         0         0       
   0         0         0         0         0         0       
   0         0         0         0         0         0       
   0         0         0         0         0         0       
   0         0         0         0         0         0       
   0         0         0         0         0         0       
   0         0         0         0         0         0       

QACC
  -0.0035  
   0.0011  
  -0.00075 
   0.00022 
  -0.01    
  -8.9e-05 
  -0.00035 
   0.015   
   0.0042  
  -0.016   
  -0.00035 
  -0.014   
  -0.004   
  -0.014   

SENSOR
   1       
   0.027   
  -0.027   
  -0.027   
  -0.00055 
   0.00034 
  -0.019   
   0.51    
   0.55    
   9.8     
   0.06    
   0.26    
   0.51    
  -1.5     
  -0.092   
  -0.31    
  -0.6     
  -2.4     

XPOS
   0         0         0       
  -0.26     -0.032     0.8     
  -0.19      0.083     0.55    
  -0.26      0.11      0.55    
  -0.46      0.12      0.32    
  -0.24      0.18      0.13    
  -0.2      -0.13      0.54    
  -0.28     -0.14      0.53    
  -0.49     -0.12      0.32    
  -0.26     -0.18      0.13    

XQUAT
   1         0         0         0       
   1         0.027    -0.027    -0.027   
   1         0.057    -0.028    -0.027   
   0.99      0.06      0.1      -0.019   
   0.99      0.053    -0.15     -0.033   
   0.6       0.015    -0.79     -0.061   
   1        -0.019    -0.026    -0.029   
   0.99     -0.014     0.13     -0.031   
   0.98     -0.023    -0.17     -0.026   
   0.2      -0.032    -0.98      0.012   

XMAT
   1         0         0         0         1         0         0         0         1       
   1         0.053    -0.056    -0.056     1        -0.053     0.053     0.056     1       
   1         0.05     -0.059    -0.056     0.99     -0.11      0.053     0.12      0.99    
   0.98      0.05      0.2      -0.025     0.99     -0.12     -0.21      0.12      0.97    
   0.95      0.05     -0.3      -0.082     0.99     -0.095     0.29      0.12      0.95    
  -0.27      0.05     -0.96     -0.098     0.99      0.079     0.96      0.12     -0.26    
   1         0.058    -0.051    -0.056     1         0.039     0.053    -0.036     1       
   0.97      0.058     0.26     -0.065     1         0.02     -0.25     -0.036     0.97    
   0.94      0.058    -0.33     -0.043     1         0.053     0.34     -0.036     0.94    
  -0.92      0.058    -0.38      0.067     1        -0.011     0.38     -0.036    -0.92    

XIPOS
   0         0         0       
  -0.21     -0.026     0.64    
  -0.26      0.13      0.55    
  -0.3       0.066     0.51    
  -0.29      0.14      0.17    
  -0.24      0.19      0.13    
  -0.27     -0.17      0.54    
  -0.31     -0.093     0.5     
  -0.31     -0.14      0.17    
  -0.26     -0.19      0.13    

XIMAT
   1         0         0         0         1         0         0         0         1       
   0.86      0.049    -0.5      -0.063     1        -0.011     0.5       0.042     0.87    
   0.43     -0.069     0.9       0.9      -0.093    -0.43      0.11      0.99      0.022   
   0.52     -0.49      0.7       0.82      0.51     -0.25     -0.23      0.71      0.67    
   0.027    -0.68     -0.74      0.99      0.14     -0.096     0.17     -0.72      0.67    
   0.05     -0.25     -0.97      0.99      0.12      0.019     0.12     -0.96      0.25    
  -0.33     -0.062     0.94      0.94      0.021     0.33     -0.04      1         0.052   
  -0.41     -0.52      0.75      0.85     -0.51      0.12      0.32      0.69      0.65    
   0.082    -0.65     -0.75      0.99     -0.014     0.12     -0.09     -0.76      0.65    
   0.058     0.61     -0.79      1        -0.064     0.024    -0.036    -0.79     -0.61    

XANCHOR
  -0.26     -0.032     0.8     
  -0.19      0.083     0.55    
  -0.26      0.11      0.55    
  -0.46      0.12      0.32    
  -0.24      0.18      0.13    
  -0.2      -0.13      0.54    
  -0.28     -0.14      0.53    
  -0.49     -0.12      0.32    
  -0.26     -0.18      0.13    

XAXIS
   0         0         1       
   1        -0.056     0.053   
   0.05      0.99      0.12    
  -0.05     -0.99     -0.12    
   0.05      0.99      0.12    
   1        -0.056     0.053   
  -0.058    -1         0.036   
   0.058     1        -0.036   
   0.058     1        -0.036   

GEOM_XPOS
   0         0         0       
  -0.21     -0.028     0.68    
  -0.23     -0.03      0.73    
  -0.25      0.13      0.55    
  -0.27      0.088     0.54    
  -0.32      0.077     0.49    
  -0.39      0.1       0.43    
  -0.31      0.14      0.19    
  -0.35      0.13      0.23    
  -0.24      0.19      0.13    
  -0.24      0.19      0.13    
  -0.26     -0.17      0.54    
  -0.28     -0.12      0.53    
  -0.34     -0.1       0.48    
  -0.41     -0.11      0.42    
  -0.33     -0.14      0.19    
  -0.37     -0.13      0.23    
  -0.26     -0.19      0.13    
  -0.26     -0.19      0.13    

GEOM_XMAT
   1         0         0         0         1         0         0         0         1       
   0.8       0.064    -0.6      -0.077     1         0.0046    0.6       0.042     0.8     
   1         0.053    -0.056    -0.056     1        -0.053     0.053     0.056     1       
   0.59     -0.13      0.79      0.8      -0.017    -0.6       0.093     0.99      0.096   
   1        -0.059    -0.05     -0.056    -0.11     -0.99      0.053     0.99     -0.11    
   0.72      0.047     0.7       0.15      0.96     -0.22     -0.68      0.26      0.68    
   0.74      0.05      0.67      0.041     0.99     -0.12     -0.67      0.12      0.73    
   0.043    -0.68     -0.74      0.98      0.16     -0.089     0.18     -0.72      0.67    
   0.65      0.05     -0.75     -0.12      0.99     -0.038     0.75      0.12      0.65    
   0.05     -0.25     -0.97      0.99      0.12      0.019     0.12     -0.96      0.25    
  -0.27     -0.96     -0.05     -0.098     0.079    -0.99      0.96     -0.26     -0.12    
  -0.53     -0.14      0.84      0.85     -0.031     0.53     -0.047     0.99      0.14    
   1        -0.051    -0.058    -0.056     0.04     -1         0.053     1         0.037   
   0.67      0.057     0.74     -0.18      0.98      0.088    -0.72     -0.19      0.66    
   0.7       0.058     0.71     -0.066     1        -0.016    -0.71     -0.036     0.71    
   0.078    -0.65     -0.75      0.99     -0.016     0.12     -0.088    -0.76      0.65    
   0.63      0.058    -0.78     -0.0085    1         0.068     0.78     -0.036     0.63    
   0.058    -0.65     -0.76      1         0.01      0.068    -0.036    -0.76      0.65    
  -0.92     -0.38     -0.058     0.067    -0.011    -1         0.38     -0.92      0.036   

SITE_XPOS
  -0.26     -0.032     0.8     

SITE_XMAT
   1         0.053    -0.056    -0.056     1        -0.053     0.053     0.056     1       

CAM_XPOS
  -0.25     -2.3       1.5     

CAM_XMAT
   1         0         0         0         0.71     -0.71      0         0.71      0.71    

LIGHT_XPOS
   0         0         10      

LIGHT_XDIR
   0         0        -1       

SUBTREE_COM
  -0.25     -0.016     0.49    
  -0.25     -0.016     0.49    
  -0.28      0.12      0.37    
  -0.28      0.12      0.32    
  -0.27      0.16      0.15    
  -0.24      0.19      0.13    
  -0.29     -0.14      0.37    
  -0.3      -0.13      0.32    
  -0.29     -0.16      0.15    
  -0.26     -0.19      0.13    

CDOF
   0         0         0         1         0         0       
   0         0         0         0         1         0       
   0         0         0         0         0         1       
   1        -0.056     0.053     0.017     0.31      0.016   
   0.053     1         0.056    -0.31      0.017    -0.01    
  -0.056    -0.053     1         0.00094  -0.0065   -0.00029 
   1        -0.056     0.053     0.0088    0.059    -0.1     
   0.05      0.99      0.12     -0.046     0.0044   -0.017   
  -0.05     -0.99     -0.12     -0.18     -0.016     0.22    
   0.05      0.99      0.12      0.38     -0.019     0.0015  
   1        -0.056     0.053    -0.0029    0.048     0.11    
  -0.058    -1         0.036     0.043    -0.0019    0.017   
   0.058     1        -0.036     0.17     -0.018    -0.23    
   0.058     1        -0.036     0.36     -0.021     0.00029 

CINERT
   0         0         0         0         0         0         0         0         0         0       
   0.36      0.35      0.12      0.0014   -0.034     0.013     0.42     -0.09      1.5       9.6     
   0.04      0.0085    0.034     0.0011    0.00029  -0.014    -0.0043    0.22      0.096     1.5     
   0.03      0.029     0.035     0.013    -0.0069   -0.0011   -0.11      0.19      0.053     2.3     
   0.2       0.17      0.05      0.0076   -0.0094    0.077    -0.055     0.24     -0.48      1.5     
   0.19      0.15      0.05     -0.0024    0.0046    0.079     0.013     0.22     -0.39      1.1     
   0.038     0.0066    0.036    -0.0045    0.0014    0.011    -0.028    -0.22      0.073     1.5     
   0.026     0.032     0.036    -0.012    -0.0079    0.0012   -0.14     -0.18      0.034     2.3     
   0.18      0.17      0.039    -0.009    -0.018    -0.062    -0.082    -0.19     -0.47      1.5     
   0.18      0.15      0.037    -0.0016   -0.0038   -0.067    -0.011    -0.19     -0.39      1.1     

ACTUATOR_LENGTH
   0.06    
   0.26    
   0.51    
  -1.5     
  -0.092   
  -0.31    
  -0.6     
  -2.4     

ACTUATOR_MOMENT
   0         0         0         0         0         0         1         0         0         0         0         0         0         0       
   0         0         0         0         0         0         0         1         0         0         0         0         0         0       
   0         0         0         0         0         0         0         0         1         0         0         0         0         0       
   0         0         0         0         0         0         0         0         0         1         0         0         0         0       
   0         0         0         0         0         0         0         0         0         0         1         0         0         0       
   0         0         0         0         0         0         0         0         0         0         0         1         0         0       
   0         0         0         0         0         0         0         0         0         0         0         0         1         0       
   0         0         0         0         0         0         0         0         0         0         0         0         0         1       

CRB
   0         0         0         0         0         0         0         0         0         0       
   1.2       1.1       0.44     -0.0067   -0.074     0.038    -1.5e-15   0         1.8e-15   22      
   0.46      0.36      0.17      0.019    -0.011     0.14     -0.16      0.87     -0.71      6.3     
   0.42      0.35      0.14      0.018    -0.012     0.16     -0.16      0.65     -0.81      4.9     
   0.39      0.32      0.1       0.0053   -0.0048    0.16     -0.042     0.46     -0.86      2.6     
   0.19      0.15      0.05     -0.0024    0.0046    0.079     0.013     0.22     -0.39      1.1     
   0.42      0.36      0.15     -0.028    -0.029    -0.12     -0.26     -0.78     -0.75      6.3     
   0.38      0.35      0.11     -0.023    -0.03     -0.13     -0.23     -0.55     -0.82      4.9     
   0.36      0.32      0.077    -0.011    -0.022    -0.13     -0.093    -0.38     -0.86      2.6     
   0.18      0.15      0.037    -0.0016   -0.0038   -0.067    -0.011    -0.19     -0.39      1.1     

QM
   22        0         0         0.37     -7         0.021     0.05     -1.1       0.45      3.7e-05   0.065     1.1      -0.44      3.2e-05 
   0         22        0         7         0.39     -0.14      1.1       0.043    -0.08     -4.3e-07   1        -0.065     0.0068   -1.1e-06 
   0         0         22        0.36     -0.23     -0.0064    0.2       0.1       0.49     -1.2e-05  -0.11     -0.11     -0.52      2.2e-05 
   0.37      7         0.36      3.4      -0.0019   -0.16      0.75      0.015     0.057    -2e-06     0.7       0.014     0.055    -2.6e-06 
  -7         0.39     -0.23     -0.0019    3.3      -0.01      0.0051    0.76     -0.32      0.0097   -0.0068   -0.71      0.3       0.0097  
   0.021    -0.14     -0.0064   -0.16     -0.01      0.45     -0.056     0.17     -0.078     0.00058  -0.055     0.18     -0.08     -0.00089 
   0.05      1.1       0.2       0.75      0.0051   -0.056     0.46      0.00014   0.015    -7.3e-07   0         0         0         0       
  -1.1       0.043     0.1       0.015     0.76      0.17      0.00014   0.48     -0.21      0.0097    0         0         0         0       
   0.45     -0.08      0.49      0.057    -0.32     -0.078     0.015    -0.21      0.22     -0.0097    0         0         0         0       
   3.7e-05  -4.3e-07  -1.2e-05  -2e-06     0.0097    0.00058  -7.3e-07   0.0097   -0.0097    0.02      0         0         0         0       
   0.065     1        -0.11      0.7      -0.0068   -0.055     0         0         0         0         0.42      0.00016   0.016    -1e-06   
   1.1      -0.065    -0.11      0.014    -0.71      0.18      0         0         0         0         0.00016   0.45     -0.19     -0.0097  
  -0.44      0.0068   -0.52      0.055     0.3      -0.08      0         0         0         0         0.016    -0.19      0.22      0.0097  
   3.2e-05  -1.1e-06   2.2e-05  -2.6e-06   0.0097   -0.00089   0         0         0         0        -1e-06    -0.0097    0.0097    0.02    

QLD
   3.7       0.016    -0.098     0.18     -3.7       0.036     0.12     -2.4       2.1       0.0019    0.15      2.4      -2.1       0.0016  
   0.016     4.8      -0.036     3.4       0.23      0.45      2.4      -0.12     -0.38     -2.2e-05   2.5      -0.22      0.032    -5.6e-05 
  -0.098    -0.036     17        0.2      -0.64      0.036     0.3       2.1       2.3      -0.00062  -0.11     -2        -2.4       0.0011  
   0.18      3.4       0.2       1        -0.00069   0.035     1.6       0.25      0.27     -0.0001    1.6       0.23      0.26     -0.00013 
  -3.7       0.23     -0.64     -0.00069   0.95     -0.00013   0.0094    1.6      -1.5       0.49     -0.015    -1.6       1.4       0.49    
   0.036     0.45      0.036     0.035    -0.00013   0.3      -0.12      0.35     -0.37      0.029    -0.13      0.39     -0.37     -0.045   
   0.12      2.4       0.3       1.6       0.0094   -0.12      0.46      0.052     0.07     -3.7e-05   0         0         0         0       
  -2.4      -0.12      2.1       0.25      1.6       0.35      0.052     0.28     -0.96      0.49      0         0         0         0       
   2.1      -0.38      2.3       0.27     -1.5      -0.37      0.07     -0.96      0.21     -0.49      0         0         0         0       
   0.0019   -2.2e-05  -0.00062  -0.0001    0.49      0.029    -3.7e-05   0.49     -0.49      0.02      0         0         0         0       
   0.15      2.5      -0.11      1.6      -0.015    -0.13      0         0         0         0         0.42      0.05      0.073    -5.2e-05 
   2.4      -0.22     -2         0.23     -1.6       0.39      0         0         0         0         0.05      0.28     -0.88     -0.49    
  -2.1       0.032    -2.4       0.26      1.4      -0.37      0         0         0         0         0.073    -0.88      0.21      0.49    
   0.0016   -5.6e-05   0.0011   -0.00013   0.49     -0.045     0         0         0         0        -5.2e-05  -0.49      0.49      0.02    

QLDIAGINV
   0.27    
   0.21    
   0.059   
   0.97    
   1.1     
   3.3     
   2.2     
   3.6     
   4.7     
   51      
   2.4     
   3.6     
   4.7     
   51      

QLDIAGSQRTINV
   0.52    
   0.46    
   0.24    
   0.99    
   1       
   1.8     
   1.5     
   1.9     
   2.2     
   7.1     
   1.5     
   1.9     
   2.2     
   7.1     

B_rownnz              14 14 10 10 10 10 10 10 10 10

B_rowadr              0 14 28 38 48 58 68 78 88 98

B_colind              0 1 2 3 4 5 6 7 8 9 10 11 12 13 0 1 2 3 4 5 6 7 8 9 10 11 12 13 0 1 2 3 4 5 6 7 8 9 0 1 2 3 4 5 6 7 8 9 0 1 2 3 4 5 6 7 8 9 0 1 2 3 4 5 6 7 8 9 0 1 2 3 4 5 10 11 12 13 0 1 2 3 4 5 10 11 12 13 0 1 2 3 4 5 10 11 12 13 0 1 2 3 4 5 10 11 12 13

C_rownnz              14 14 14 14 14 14 10 10 10 10 10 10 10 10

C_rowadr              0 14 28 42 56 70 84 94 104 114 124 134 144 154

C_colind              0 1 2 3 4 5 6 7 8 9 10 11 12 13 0 1 2 3 4 5 6 7 8 9 10 11 12 13 0 1 2 3 4 5 6 7 8 9 10 11 12 13 0 1 2 3 4 5 6 7 8 9 10 11 12 13 0 1 2 3 4 5 6 7 8 9 10 11 12 13 0 1 2 3 4 5 6 7 8 9 10 11 12 13 0 1 2 3 4 5 6 7 8 9 0 1 2 3 4 5 6 7 8 9 0 1 2 3 4 5 6 7 8 9 0 1 2 3 4 5 6 7 8 9 0 1 2 3 4 5 10 11 12 13 0 1 2 3 4 5 10 11 12 13 0 1 2 3 4 5 10 11 12 13 0 1 2 3 4 5 10 11 12 13

mapM2C                0 2 5 9 14 20 27 35 44 54 61 69 78 88 2 1 4 8 13 19 26 34 43 53 60 68 77 87 5 4 3 7 12 18 25 33 42 52 59 67 76 86 9 8 7 6 11 17 24 32 41 51 58 66 75 85 14 13 12 11 10 16 23 31 40 50 57 65 74 84 20 19 18 17 16 15 22 30 39 49 56 64 73 83 27 26 25 24 23 22 21 29 38 48 35 34 33 32 31 30 29 28 37 47 44 43 42 41 40 39 38 37 36 46 54 53 52 51 50 49 48 47 46 45 61 60 59 58 57 56 55 63 72 82 69 68 67 66 65 64 63 62 71 81 78 77 76 75 74 73 72 71 70 80 88 87 86 85 84 83 82 81 80 79

D_rownnz              14 14 14 14 14 14 10 10 10 10 10 10 10 10

D_rowadr              0 14 28 42 56 70 84 94 104 114 124 134 144 154

D_colind              0 1 2 3 4 5 6 7 8 9 10 11 12 13 0 1 2 3 4 5 6 7 8 9 10 11 12 13 0 1 2 3 4 5 6 7 8 9 10 11 12 13 0 1 2 3 4 5 6 7 8 9 10 11 12 13 0 1 2 3 4 5 6 7 8 9 10 11 12 13 0 1 2 3 4 5 6 7 8 9 10 11 12 13 0 1 2 3 4 5 6 7 8 9 0 1 2 3 4 5 6 7 8 9 0 1 2 3 4 5 6 7 8 9 0 1 2 3 4 5 6 7 8 9 0 1 2 3 4 5 10 11 12 13 0 1 2 3 4 5 10 11 12 13 0 1 2 3 4 5 10 11 12 13 0 1 2 3 4 5 10 11 12 13

mapM2D                0 2 5 9 14 20 27 35 44 54 61 69 78 88 2 1 4 8 13 19 26 34 43 53 60 68 77 87 5 4 3 7 12 18 25 33 42 52 59 67 76 86 9 8 7 6 11 17 24 32 41 51 58 66 75 85 14 13 12 11 10 16 23 31 40 50 57 65 74 84 20 19 18 17 16 15 22 30 39 49 56 64 73 83 27 26 25 24 23 22 21 29 38 48 35 34 33 32 31 30 29 28 37 47 44 43 42 41 40 39 38 37 36 46 54 53 52 51 50 49 48 47 46 45 61 60 59 58 57 56 55 63 72 82 69 68 67 66 65 64 63 62 71 81 78 77 76 75 74 73 72 71 70 80 88 87 86 85 84 83 82 81 80 79

mapD2M                0 15 14 30 29 28 45 44 43 42 60 59 58 57 56 75 74 73 72 71 70 90 89 88 87 86 85 84 101 100 99 98 97 96 95 94 112 111 110 109 108 107 106 105 104 123 122 121 120 119 118 117 116 115 114 130 129 128 127 126 125 124 141 140 139 138 137 136 135 134 152 151 150 149 148 147 146 145 144 163 162 161 160 159 158 157 156 155 154

QDERIV
   0         0         0         0         0         0         0         0         0         0         0         0         0         0       
   0         0         0         0         0         0         0         0         0         0         0         0         0         0       
   0         0         0         0         0         0         0         0         0         0         0         0         0         0       
   0         0         0         0         0         0         0         0         0         0         0         0         0         0       
   0         0         0         0         0         0         0         0         0         0         0         0         0         0       
   0         0         0         0         0         0         0         0         0         0         0         0         0         0       
   0         0         0         0         0         0         0         0         0         0         0         0         0         0       
   0         0         0         0         0         0         0         0         0         0         0         0         0         0       
   0         0         0         0         0         0         0         0         0         0         0         0         0         0       
   0         0         0         0         0         0         0         0         0         0         0         0         0         0       
   0         0         0         0         0         0         0         0         0         0         0         0         0         0       
   0         0         0         0         0         0         0         0         0         0         0         0         0         0       
   0         0         0         0         0         0         0         0         0         0         0         0         0         0       
   0         0         0         0         0         0         0         0         0         0         0         0         0         0       

QLU
   0         0         0         0         0         0         0         0         0         0         0         0         0         0       
   0         0         0         0         0         0         0         0         0         0         0         0         0         0       
   0         0         0         0         0         0         0         0         0         0         0         0         0         0       
   0         0         0         0         0         0         0         0         0         0         0         0         0         0       
   0         0         0         0         0         0         0         0         0         0         0         0         0         0       
   0         0         0         0         0         0         0         0         0         0         0         0         0         0       
   0         0         0         0         0         0         0         0         0         0         0         0         0         0       
   0         0         0         0         0         0         0         0         0         0         0         0         0         0       
   0         0         0         0         0         0         0         0         0         0         0         0         0         0       
   0         0         0         0         0         0         0         0         0         0         0         0         0         0       
   0         0         0         0         0         0         0         0         0         0         0         0         0         0       
   0         0         0         0         0         0         0         0         0         0         0         0         0         0       
   0         0         0         0         0         0         0         0         0         0         0         0         0         0       
   0         0         0         0         0         0         0         0         0         0         0         0         0         0       

CONTACT
  0:
     dim           3
     geoms         floor : wheel_L_collision
     exclude       0
     efc_address   2
     solref         0.02      1       
     solimp         0.9       0.95      0.001     0.5       2       
     dist           0.00066 
     includemargin  0.001   
     pos           -0.24      0.2       0.00033 
     frame          0         0         1         0         1         0        -1         0         0       
     friction       0.6       0.6       0.005     0.0001    0.0001  
     mu             0.6     
  1:
     dim           3
     geoms         floor : wheel_R_collision
     exclude       0
     efc_address   6
     solref         0.02      1       
     solimp         0.9       0.95      0.001     0.5       2       
     dist           0.00062 
     includemargin  0.001   
     pos           -0.26     -0.19      0.00031 
     frame          0         0         1         0         1         0        -1         0         0       
     friction       0.6       0.6       0.005     0.0001    0.0001  
     mu             0.6     
  2:
     dim           3
     geoms         floor : wheel_R_collision
     exclude       0
     efc_address   10
     solref         0.02      1       
     solimp         0.9       0.95      0.001     0.5       2       
     dist           0.00097 
     includemargin  0.001   
     pos           -0.26     -0.2       0.00049 
     frame          0         0         1         0         1         0        -1         0         0       
     friction       0.6       0.6       0.005     0.0001    0.0001  
     mu             0.6     

EFC_TYPE
  1
  1
  6
  6
  6
  6
  6
  6
  6
  6
  6
  6
  6
  6

EFC_ID
  9
  13
  0
  0
  0
  0
  1
  1
  1
  1
  2
  2
  2
  2

EFC_J
   0         0         0         0         0         0         0         0         0         1         0         0         0         0       
   0         0         0         0         0         0         0         0         0         0         0         0         0         1       
   0         0.6       1         0.71      0.015    -0.024     0.44     -0.00099   0.19      0.0038    0         0         0         0       
   0        -0.6       1        -0.25     -0.037     0.0013   -0.22     -0.037     0.24     -0.0038    0         0         0         0       
  -0.6       0         1         0.21      0.47      0.1       0.095     0.31      0.021     0.076     0         0         0         0       
   0.6       0         1         0.25     -0.5      -0.12      0.12     -0.35      0.42     -0.076     0         0         0         0       
   0         0.6       1         0.32      0.016    -0.017     0         0         0         0         0.25     -0.00065  -0.22      0.0044  
   0        -0.6       1        -0.63     -0.035     0.035     0         0         0         0        -0.38      0.036    -0.23     -0.0044  
  -0.6       0         1        -0.19      0.46     -0.11      0         0         0         0        -0.086    -0.3      -0.036     0.076   
   0.6       0         1        -0.12     -0.48      0.13      0         0         0         0        -0.046     0.34     -0.42     -0.076   
   0         0.6       1         0.31      0.016    -0.017     0         0         0         0         0.24     -0.00066  -0.22      0.0044  
   0        -0.6       1        -0.64     -0.035     0.036     0         0         0         0        -0.39      0.036    -0.23     -0.0044  
  -0.6       0         1        -0.2       0.46     -0.12      0         0         0         0        -0.096    -0.3      -0.036     0.076   
   0.6       0         1        -0.13     -0.48      0.13      0         0         0         0        -0.055     0.34     -0.42     -0.076   

EFC_POS
   0       
   0       
   0.00066 
   0.00066 
   0.00066 
   0.00066 
   0.00062 
   0.00062 
   0.00062 
   0.00062 
   0.00097 
   0.00097 
   0.00097 
   0.00097 

EFC_MARGIN
   0       
   0       
   0.001   
   0.001   
   0.001   
   0.001   
   0.001   
   0.001   
   0.001   
   0.001   
   0.001   
   0.001   
   0.001   
   0.001   

EFC_FRICTIONLOSS
   0.01    
   0.01    
   0       
   0       
   0       
   0       
   0       
   0       
   0       
   0       
   0       
   0       
   0       
   0       

EFC_DIAGAPPROX
   52      
   52      
   0.37    
   0.37    
   0.37    
   0.37    
   0.37    
   0.37    
   0.37    
   0.37    
   0.37    
   0.37    
   0.37    
   0.37    

EFC_KBIP
   0         1.1e+02   0.9       0       
   0         1.1e+02   0.9       0       
   2.8e+03   1.1e+02   0.91     -69      
   2.8e+03   1.1e+02   0.91     -69      
   2.8e+03   1.1e+02   0.91     -69      
   2.8e+03   1.1e+02   0.91     -69      
   2.8e+03   1.1e+02   0.91     -77      
   2.8e+03   1.1e+02   0.91     -77      
   2.8e+03   1.1e+02   0.91     -77      
   2.8e+03   1.1e+02   0.91     -77      
   2.8e+03   1.1e+02   0.9      -5       
   2.8e+03   1.1e+02   0.9      -5       
   2.8e+03   1.1e+02   0.9      -5       
   2.8e+03   1.1e+02   0.9      -5       

EFC_D
   0.17    
   0.17    
   28      
   28      
   28      
   28      
   29      
   29      
   29      
   29      
   25      
   25      
   25      
   25      

EFC_R
   5.8     
   5.8     
   0.035   
   0.035   
   0.035   
   0.035   
   0.034   
   0.034   
   0.034   
   0.034   
   0.041   
   0.041   
   0.041   
   0.041   

ACTUATOR_VELOCITY
   0.0023  
  -0.0026  
  -0.0023  
  -0.36    
  -0.0015  
   0.0019  
   0.00074 
  -0.41    

CVEL
   0         0         0         0         0         0       
   0.00052   0.0014   -0.019    -0.049     0.0026    0.00011 
   0.0028    0.0012   -0.019    -0.049     0.0027   -0.00013 
   0.0027   -0.0014   -0.019    -0.049     0.0027   -8.5e-05 
   0.0028    0.00091  -0.019    -0.049     0.0028   -0.00059 
  -0.015    -0.35     -0.06     -0.18      0.0096   -0.0011  
  -0.001     0.0014   -0.019    -0.049     0.0025   -5.4e-05 
  -0.0011   -0.00045  -0.019    -0.049     0.0025   -2.1e-05 
  -0.0011    0.00029  -0.019    -0.049     0.0025   -0.00019 
  -0.025    -0.41     -0.004    -0.2       0.011    -0.00031 

CDOF_DOT
   0         0         0         0         0         0       
   0         0         0         0         0         0       
   0         0         0         0         0         0       
   0         0        -0         0.00015   0.0027    0.00012 
   0         0         0         3.2e-05   0.0027   -0.049   
   0        -0         0         0.0026    0.049     0.0027  
  -0.00098  -0.019    -0.0014    0.0011    0.0026    0.00019 
   0.019    -0.0013    0.0027    0.00051   0.0066   -0.049   
  -0.019     0.0013   -0.0027   -0.001    -0.0029    0.049   
   0.019    -0.0013    0.0027    0.00054  -0.0015   -0.049   
  -0.00098  -0.019    -0.0014    0.0012    0.0027    0.0002  
  -0.019     0.0011    0.0011    2.6e-05   0.00097   0.049   
   0.019    -0.0011   -0.0011   -0.00031  -0.0052   -0.049   
   0.019    -0.0011   -0.0011   -0.0003   -0.0086   -0.049   

QFRC_BIAS
   1.7e-05 
  -7.1e-05 
   2.2e+02 
   3.5     
  -2.2     
  -0.063   
   2       
   1       
   4.8     
  -0.00012 
  -1.1     
  -1.1     
  -5.1     
   0.00021 

QFRC_SPRING
   0       
   0       
   0       
   0       
   0       
   0       
   0       
   0       
   0       
   0       
   0       
   0       
   0       
   0       

QFRC_DAMPER
   0       
   0       
   0       
   0       
   0       
   0       
  -2.3e-05 
   2.6e-05 
   2.3e-05 
   0.0036  
   1.5e-05 
  -1.9e-05 
  -7.4e-06 
   0.0041  

QFRC_GRAVCOMP
   0       
   0       
   0       
   0       
   0       
   0       
   0       
   0       
   0       
   0       
   0       
   0       
   0       
   0       

QFRC_FLUID
   0       
   0       
   0       
   0       
   0       
   0       
   0       
   0       
   0       
   0       
   0       
   0       
   0       
   0       

QFRC_PASSIVE
   0       
   0       
   0       
   0       
   0       
   0       
  -2.3e-05 
   2.6e-05 
   2.3e-05 
   0.0036  
   1.5e-05 
  -1.9e-05 
  -7.4e-06 
   0.0041  

EFC_VEL
  -0.36    
  -0.41    
   0.00098 
  -0.00098 
  -6e-05   
   6.1e-05 
  -0.00053 
   0.00052 
  -8.8e-06 
   2.9e-07 
  -0.00052 
   0.00053 
   7e-05   
  -5.7e-05 

EFC_AREF
   37      
   43      
   0.76    
   0.97    
   0.87    
   0.86    
   1       
   0.92    
   0.98    
   0.98    
   0.12    
   0.0071  
   0.055   
   0.069   

SUBTREE_LINVEL
   0         0         0       
   0         0         0       
   0         0         0       
   0         0         0       
   0         0         0       
   0         0         0       
   0         0         0       
   0         0         0       
   0         0         0       
   0         0         0       

SUBTREE_ANGMOM
   0         0         0       
   0         0         0       
   0         0         0       
   0         0         0       
   0         0         0       
   0         0         0       
   0         0         0       
   0         0         0       
   0         0         0       
   0         0         0       

ACTUATOR_FORCE
  -6.9     
   2.9     
  -17      
  -0.019   
   5       
  -3.2     
   23      
  -0.018   

QFRC_ACTUATOR
   0       
   0       
   0       
   0       
   0       
   0       
  -6.9     
   2.9     
  -17      
  -0.019   
   5       
  -3.2     
   23      
  -0.018   

QFRC_SMOOTH
  -1.7e-05 
   7.1e-05 
  -2.2e+02 
  -3.5     
   2.2     
   0.063   
  -8.8     
   1.8     
  -21      
  -0.015   
   6.1     
  -2.1     
   28      
  -0.014   

QACC_SMOOTH
  -1.9     
   0.2     
  -1.2     
  -0.0036  
  -11      
   0.24    
  -14      
  -52      
  -1.6e+02 
  -48      
   6.6     
   65      
   1.9e+02 
  -59      

EFC_B
  -86      
  -1e+02   
  -39      
  -36      
  -30      
  -44      
  -44      
  -47      
  -38      
  -54      
  -43      
  -47      
  -37      
  -53      

EFC_FORCE
   0.01    
   0.01    
   22      
   27      
   25      
   24      
   30      
   27      
   29      
   29      
   2.9     
   0.19    
   1.4     
   1.7     

EFC_STATE
  2
  2
  1
  1
  1
  1
  1
  1
  1
  1
  1
  1
  1
  1

QFRC_CONSTRAINT
  -0.036   
   0.024   
   2.2e+02 
   3.5     
  -2.2     
  -0.063   
   8.8     
  -1.8     
   21      
   0.015   
  -6.1     
   2.1     
  -28      
   0.013   

QFRC_INVERSE
   0       
   0       
   0       
   0       
   0       
   0       
   0       
   0       
   0       
   0       
   0       
   0       
   0       
   0       

CACC
   0         0         0        -0        -0         9.8     
  -0.00031  -0.01     -0.00064  -0.00043   0.00012   9.8     
  -0.00066  -0.01     -0.00066  -0.00043   0.00011   9.8     
   1.7e-05   0.0045    0.001    -0.0011    0.00015   9.8     
  -0.00015   0.00028   0.00054  -0.0019    9.1e-05   9.8     
  -0.0076   -0.015    -0.0023   -0.0082    0.00093   9.8     
  -0.00066  -0.01     -0.00065  -0.00043   0.0001    9.8     
   0.00011   0.0039   -0.0012   -0.001     0.00013   9.8     
  -0.00011  -0.00013  -0.001    -0.0017    0.0002    9.8     
  -0.0087   -0.014    -4.6e-05  -0.0068    0.004     9.8     

CFRC_INT
  -3.6e-15   8.9e-16  -4.9e-16   8.3e-15  -3.1e-15  -2.1e-14 
  -3.6e-15   8.9e-16  -4.9e-16   8.3e-15  -3.1e-15  -2.1e-14 
  -11        2.7      -0.0015    0.21      3.5      -36      
  -13        2.6      -0.0017    0.21      3.5      -50      
  -15        1.5      -0.0018    0.21      3.5      -73      
  -17        0.97     -0.0022    0.21      3.5      -87      
   12        1.4       0.0013   -0.19     -3.5      -59      
   14        1.2       0.0015   -0.19     -3.5      -73      
   15       -0.18      0.0019   -0.18     -3.5      -95      
   17       -0.99      0.0023   -0.18     -3.5      -1.1e+02 

CFRC_EXT
   0         0         0         0         0         0       
   0         0         0         0         0         0       
   0         0         0         0         0         0       
   0         0         0         0         0         0       
   0         0         0         0         0         0       
   19       -1.1       0.0026   -0.21     -3.5       98      
   0         0         0         0         0         0       
   0         0         0         0         0         0       
   0         0         0         0         0         0       
  -19        1.1      -0.0027    0.18      3.5       1.2e+02 

